0.42 0.95 0.30 4.31
0.72 0.67 0.39 3.30
0.33 0.68 0.79 2.55
0.88 0.83 0.98 4.85
0.69 0.98 0.37 4.01
0.71 0.12 0.47 1.88
0.42 0.90 0.81 2.16
0.32 0.18 0.25 0.33
0.39 0.55 0.91 2.96
0.05 0.23 0.88 -0.00
0.97 0.31 0.16 1.69
0.99 0.93 0.16 5.91
0.58 0.23 0.37 2.41
0.85 0.93 0.64 4.34
0.04 0.38 0.41 -0.01
0.67 0.69 0.90 2.00
0.26 0.01 0.94 0.39
0.29 0.16 0.22 0.85
0.19 0.62 0.01 1.86
0.99 0.28 0.85 2.73
0.95 0.97 0.59 5.90
0.30 0.47 0.01 0.76
0.60 0.03 0.10 0.64
0.29 0.77 0.17 3.31
0.98 0.77 0.95 4.64
0.87 0.61 0.96 3.40
0.66 0.95 0.80 3.19
0.04 0.17 0.37 0.80
0.68 0.80 0.58 4.68
0.57 0.11 0.18 1.52
0.55 0.52 0.11 3.88
0.78 0.88 0.00 6.00
0.95 0.54 0.67 4.30
0.53 0.68 0.15 3.54
0.99 0.58 0.44 5.08
0.42 0.95 0.07 4.62
0.53 0.64 0.88 2.47
0.46 0.36 0.83 3.24
0.63 0.24 0.25 2.10
0.74 0.06 0.93 0.94
0.31 0.17 0.82 0.99
0.83 0.60 0.82 3.72
0.56 0.03 0.56 1.69
0.43 0.86 0.43 2.60
0.41 0.94 0.38 4.66
0.03 0.92 0.33 2.71
0.44 0.85 0.81 3.68
0.39 0.84 0.76 2.86
0.21 0.00 0.06 -0.19
0.97 0.69 0.94 3.54
0.35 0.28 0.07 0.34
0.94 0.41 0.07 3.93
0.88 0.69 0.09 3.50
0.57 0.17 0.11 2.88
0.90 0.03 0.93 1.23
0.04 0.43 0.56 1.61
0.56 0.59 0.29 2.28
0.10 0.75 0.93 2.36
0.72 0.39 0.87 2.30
0.07 0.70 0.35 2.69
0.31 0.37 0.15 1.95
0.14 0.52 0.90 1.69
0.91 0.50 0.83 3.66
0.93 0.77 0.92 4.17
0.53 0.13 0.86 -0.15
0.25 0.65 0.13 2.12
0.09 0.06 0.75 0.01
0.36 0.57 0.17 2.30
0.32 0.93 0.22 3.81
0.89 0.81 0.54 4.16
0.26 0.50 0.11 2.05
0.48 0.95 0.47 2.19
0.15 0.58 0.85 2.34
0.54 0.34 0.71 1.45
0.43 0.31 0.10 1.57
0.71 0.49 0.51 3.13
1.00 0.15 0.66 1.84
0.66 0.95 0.58 2.61
0.20 0.78 0.42 1.93
0.78 0.18 0.77 -0.64
0.61 0.10 0.18 2.62
0.37 0.85 0.69 2.48
0.54 0.61 0.81 3.55
0.18 0.04 0.88 1.78
0.87 0.10 0.76 0.70
0.78 0.33 0.83 2.81
0.72 0.36 0.85 1.73
0.79 0.14 0.87 1.23
0.04 0.95 0.65 1.88
0.48 0.73 0.73 1.16
0.15 0.12 0.42 1.88
0.98 0.98 0.52 4.61
0.48 0.57 0.10 3.05
0.93 0.33 0.71 1.30
0.94 0.24 0.14 1.20
0.27 0.11 0.56 0.06
0.98 0.32 0.06 1.43
0.92 0.19 0.14 3.02
0.31 0.43 0.47 1.40
0.24 0.18 0.08 2.83
0.37 0.51 0.08 3.07
0.36 0.29 0.41 1.07
0.30 0.77 0.61 2.42
0.08 0.58 0.71 1.48
0.38 0.71 0.17 0.83
0.77 0.81 0.13 2.87
0.76 0.88 0.03 5.77
0.52 0.91 0.67 1.69
1.00 0.44 0.33 3.82
0.69 0.43 0.68 2.63
0.88 0.45 0.61 2.78
0.38 0.51 0.16 2.51
0.48 0.97 0.15 3.74
0.15 0.90 0.64 0.88
0.42 0.58 0.87 0.21
0.18 0.88 0.52 3.43
0.07 0.84 0.51 4.47
0.68 0.95 0.91 4.23
0.73 0.01 0.35 1.57
0.28 0.93 0.39 2.29
0.42 0.91 1.00 2.47
0.84 0.29 0.33 2.41
0.63 0.44 0.96 0.15
0.69 0.77 0.89 2.63
0.42 0.77 0.46 3.34
0.62 0.32 0.34 0.31
0.38 0.89 0.94 2.29
0.45 0.87 0.10 2.56
0.29 0.88 0.90 2.04
0.23 0.81 0.83 3.12
0.30 0.88 0.18 2.81
0.15 0.79 0.89 2.41
0.03 0.12 0.86 -0.36
0.95 0.20 0.49 1.64
0.33 0.45 0.80 1.99
0.99 0.86 0.46 3.47
0.40 0.67 0.88 3.20
0.70 0.81 0.13 2.03
0.88 0.75 0.84 3.63
0.19 0.31 0.41 2.41
0.66 0.16 0.66 1.55
0.18 0.62 0.64 1.84
0.09 0.13 0.90 -0.77
0.47 0.42 0.96 0.33
0.99 0.72 0.20 4.29
0.69 0.84 0.73 2.87
0.56 0.58 0.22 3.34
0.73 0.69 0.66 3.08
0.65 0.04 0.38 -0.12
0.86 0.46 0.42 4.43
0.86 0.02 0.97 2.53
0.94 0.99 0.60 3.91
0.05 0.38 0.41 2.28
0.49 0.54 0.67 4.00
0.96 0.43 0.72 2.15
0.42 0.63 0.72 3.99
0.42 0.22 0.99 0.53
0.13 0.52 0.66 1.06
0.56 0.45 0.20 2.00
0.85 0.70 0.46 3.07
0.26 0.89 0.92 2.99
0.92 0.63 0.08 4.36
0.85 0.31 0.97 2.99
0.86 0.93 0.63 4.39
0.96 0.53 0.40 5.71
0.36 0.68 0.53 1.38
0.89 0.77 0.55 5.08
0.66 0.93 0.66 5.09
0.07 0.53 0.39 0.98
0.42 0.58 0.95 2.02
0.09 0.85 0.78 3.71
0.53 0.39 0.15 3.33
0.76 0.21 0.43 1.43
0.99 0.19 0.80 3.51
0.22 0.47 0.54 0.55
0.96 0.57 0.46 3.29
0.48 0.26 0.98 -0.28
0.31 0.16 0.64 -1.08
0.48 0.50 0.69 3.06
0.60 0.57 0.62 2.43
0.25 0.80 0.99 3.66
0.88 0.33 0.19 2.94
0.86 0.98 0.06 5.58
0.03 0.28 0.72 0.11
0.62 0.64 0.31 3.27
0.16 0.86 0.92 0.96
0.21 0.57 0.57 1.42
0.49 0.90 0.87 3.48
0.36 0.65 0.58 2.27
0.22 0.81 0.72 2.66
0.22 0.60 0.61 2.66
0.28 0.19 0.45 -0.83
0.55 0.69 0.75 3.96
0.90 0.02 0.51 0.59
0.99 0.91 0.27 4.70
0.14 0.37 0.49 0.68
0.32 0.82 0.41 2.60
0.68 0.29 0.37 0.62
0.39 0.02 0.54 -0.16
0.28 0.56 0.58 0.71
0.02 0.58 0.64 1.36
0.36 0.35 0.29 1.67
0.72 0.56 0.93 2.10
0.79 0.92 0.59 3.91
0.51 0.94 0.26 3.29
0.27 0.49 0.98 -0.04
0.41 0.28 0.27 2.03
0.79 0.24 0.76 1.85
0.51 0.12 0.72 0.48
0.62 0.03 0.18 1.27
0.31 0.43 0.21 1.88
0.47 0.05 0.04 -0.07
0.29 0.68 0.27 1.63
0.10 0.82 0.58 2.64
0.49 0.32 0.11 1.86
0.30 0.19 0.02 1.74
0.53 0.80 0.98 2.68
0.30 0.23 0.17 1.83
0.81 0.39 0.86 3.64
0.07 0.59 0.90 1.57
0.48 0.79 0.38 1.79
0.11 0.71 0.12 1.04
0.48 0.81 0.25 2.96
0.78 0.86 0.81 3.40
0.06 0.69 0.33 0.64
0.51 0.65 0.65 2.97
0.17 0.15 0.36 0.21
0.92 0.86 0.05 3.19
0.21 0.71 0.13 0.81
0.54 0.64 0.25 3.00
0.87 0.14 0.83 1.28
0.67 0.95 0.87 3.48
0.10 0.84 0.98 1.59
0.39 0.25 0.29 3.13
0.93 0.71 0.54 5.23
0.54 0.12 0.23 1.01
0.26 0.66 0.50 3.47
0.31 0.56 0.06 2.97
0.11 0.29 0.79 1.59
0.85 0.22 0.81 1.88
0.80 0.70 0.33 4.60
0.14 0.13 0.15 0.50
0.59 0.45 0.70 3.09
0.52 0.87 0.26 5.38
0.54 0.97 0.74 3.98
0.78 0.87 0.10 4.24
0.71 0.32 0.04 4.77
0.45 0.09 0.31 2.21
0.80 0.20 0.75 2.40
1.00 0.01 0.64 0.61
0.87 0.53 0.63 2.82
0.89 0.47 0.51 4.22
0.37 0.70 0.55 2.42
0.82 0.86 0.53 6.40
0.66 0.70 0.92 3.20
0.12 0.56 0.86 1.26
0.18 0.70 0.72 -0.15
0.85 0.34 0.04 3.47
1.00 0.31 0.08 4.09
0.86 0.18 0.94 0.14
0.72 0.38 0.34 1.82
0.56 0.25 0.73 0.64
0.16 0.25 0.43 -0.30
0.58 0.26 0.42 1.63
0.94 0.69 0.32 3.99
0.55 0.44 0.04 3.14
0.78 0.67 0.92 2.70
0.39 0.04 0.05 0.89
0.48 0.94 0.54 3.97
0.73 0.06 0.36 1.28
0.02 0.67 0.25 2.05
0.15 0.70 0.78 2.54
0.98 0.00 0.42 2.54
0.98 0.73 0.50 4.86
0.87 0.47 0.28 0.45
0.48 0.59 0.77 0.43
0.01 0.17 0.05 -0.32
0.62 0.86 0.61 5.12
0.34 0.51 0.07 4.85
0.41 0.07 0.25 -0.62
0.02 0.55 0.24 1.21
0.30 0.57 0.64 2.68
0.50 0.23 0.11 2.38
0.30 0.46 0.85 0.89
0.54 0.27 0.34 3.24
0.31 0.28 0.59 0.68
0.46 0.18 0.36 1.00
0.61 0.97 0.78 3.08
0.34 0.96 0.58 4.07
0.97 0.71 0.85 2.13
0.60 0.18 0.02 2.00
0.40 0.27 0.82 1.35
0.64 0.74 0.29 3.15
0.45 0.23 0.91 0.13
0.95 0.77 1.00 4.31
0.48 0.95 0.46 4.95
0.37 0.39 0.61 2.21
1.00 0.77 0.49 3.25
0.36 0.53 0.34 2.06
0.52 0.54 0.72 1.99
0.86 0.47 0.24 3.38
0.94 0.98 0.49 4.62
0.92 0.38 0.17 2.83
0.88 0.62 0.79 3.15
0.40 0.09 0.73 2.59
0.88 0.09 0.59 -1.25
0.16 0.37 0.15 0.78
0.54 0.14 0.38 1.30
0.79 0.86 0.85 3.41
0.42 0.49 0.52 4.01
0.55 0.67 0.77 1.42
0.07 0.06 0.13 0.78
0.39 0.19 0.02 1.66
0.27 0.62 0.32 3.22
0.83 0.82 0.09 4.11
0.66 0.30 0.59 2.14
0.54 0.66 0.35 4.14
0.49 0.53 0.18 2.62
0.14 0.73 0.14 3.09
0.76 0.42 0.88 1.40
0.32 0.23 0.33 -0.18
0.29 0.58 0.53 0.17
0.93 0.47 0.47 3.46
0.01 0.45 0.82 -0.91
0.60 0.63 0.74 1.74
0.49 0.64 0.21 1.94
0.17 0.92 0.88 3.04
0.48 0.74 0.17 2.62
0.91 0.37 0.84 2.12
0.84 0.42 0.83 1.63
0.01 0.77 0.63 3.00
0.55 0.02 0.21 0.28
0.66 0.35 0.42 1.28
0.31 0.86 0.96 2.45
0.66 0.82 0.41 5.31
0.45 0.10 0.70 0.20
0.34 0.61 0.82 0.78
0.27 0.35 0.94 1.43
0.82 0.66 0.73 2.44
0.09 0.98 0.85 1.92
0.11 0.33 0.37 1.02
0.13 0.22 0.38 0.29
0.19 0.72 0.69 2.37
0.82 0.43 0.03 4.47
0.41 0.82 0.35 0.60
0.27 0.97 0.50 2.52
0.71 0.02 0.63 0.62
0.32 0.86 0.26 2.84
0.35 0.54 0.64 2.82
0.55 0.52 0.84 4.66
0.46 0.87 0.90 6.95
0.65 0.55 0.61 3.42
0.24 0.53 0.67 2.57
0.46 0.88 0.42 2.95
0.17 0.77 0.40 2.04
0.69 0.81 0.31 4.08
0.02 0.90 0.95 2.56
0.90 0.85 0.70 3.33
0.83 0.11 0.99 2.04
0.47 0.75 0.83 1.84
0.95 0.43 0.49 2.55
0.86 0.08 0.16 2.78
0.49 0.26 0.38 3.14
0.39 0.70 0.25 2.30
0.98 0.65 0.35 4.62
0.31 0.72 0.54 4.42
0.26 0.16 0.79 -0.94
0.95 0.16 0.10 1.18
0.70 0.39 0.57 1.53
0.10 0.73 0.79 2.43
0.45 0.29 0.14 1.59
0.64 0.00 0.17 0.79
0.94 0.91 0.46 2.66
0.04 0.79 0.33 1.90
0.85 0.82 0.00 5.22
0.87 0.74 0.71 4.12
0.84 0.90 0.55 3.71
0.03 0.69 0.29 2.22
0.27 0.50 0.73 3.16
0.52 0.20 0.90 0.05
0.38 0.65 0.19 0.55
0.15 0.48 0.02 -0.47
0.47 0.86 0.12 4.36
0.06 0.76 0.59 2.29
0.70 0.19 0.31 3.38
0.69 0.51 0.01 3.17
0.57 0.07 0.05 2.57
0.99 0.91 0.09 4.19
0.34 0.12 0.12 0.85
0.90 0.72 0.26 5.52
0.11 0.09 0.17 0.73
0.16 0.48 0.55 4.12
0.67 0.93 0.62 3.70
0.83 0.56 0.04 4.83
0.35 0.68 0.64 1.85
0.44 0.06 0.70 1.30
0.02 0.59 0.84 2.22
0.81 0.02 0.67 1.93
0.25 0.37 0.76 0.07
0.46 0.52 0.31 1.61
0.06 0.52 0.44 2.13
0.49 0.61 0.93 1.65
0.75 0.94 0.83 5.76
0.88 0.27 0.05 3.13
0.92 0.50 0.03 2.20
0.84 0.78 0.12 3.04
0.49 0.17 0.27 0.89
0.35 0.54 0.81 -0.56
0.58 0.33 0.18 0.94
0.94 0.68 0.10 6.27
0.73 0.83 0.91 3.74
0.89 0.27 0.03 3.90
0.40 0.19 0.11 -0.09
0.33 0.07 0.54 -2.34
0.73 0.55 0.78 2.58
0.68 0.97 0.19 4.37
0.12 0.30 0.24 1.06
0.31 0.22 0.31 1.06
0.26 0.46 0.31 2.69
0.78 0.82 0.29 4.75
0.12 0.82 0.73 1.49
0.91 0.12 0.72 1.83
0.33 0.05 0.77 -1.54
0.74 0.01 0.37 0.24
0.49 0.86 0.92 4.53
0.82 0.19 0.85 1.76
0.60 0.91 0.80 4.29
0.47 0.77 0.92 3.94
0.28 0.65 0.48 2.61
0.65 0.05 0.01 1.78
0.95 0.79 0.31 2.80
0.86 0.44 0.32 3.63
0.18 0.87 0.38 2.44
0.37 0.95 0.61 4.11
0.75 0.88 0.95 3.06
0.52 0.91 0.43 4.27
0.79 0.12 0.57 1.65
0.24 0.15 0.27 1.17
0.36 0.16 0.23 0.59
0.57 0.22 0.30 1.93
0.71 0.49 0.02 2.84
0.82 0.97 0.85 4.96
0.26 0.03 0.03 0.24
0.32 0.95 0.58 4.50
0.63 0.19 0.23 1.98
0.31 0.27 0.72 0.20
0.10 0.63 0.62 1.58
0.44 0.52 0.20 1.90
0.42 0.77 0.18 3.31
0.84 0.38 0.41 1.95
0.55 0.40 0.80 2.10
0.49 0.13 0.88 0.18
0.51 0.60 0.48 3.93
0.12 0.14 0.93 -1.11
0.25 0.78 0.28 3.79
0.26 0.96 0.45 2.34
0.24 0.30 0.17 2.15
0.32 0.14 0.81 -0.49
0.83 0.92 0.53 4.89
0.28 0.38 0.85 0.79
0.73 0.04 0.87 -0.04
0.27 0.16 0.67 1.30
0.05 0.61 0.44 2.57
0.08 0.52 0.73 1.20
0.63 0.26 0.37 2.26
0.44 0.61 0.13 2.48
0.03 0.25 0.83 1.57
0.56 0.87 0.65 3.33
0.14 0.82 0.19 4.76
0.97 0.53 0.76 3.16
0.83 0.76 0.30 3.12
0.84 0.89 0.91 4.48
0.14 0.63 0.55 2.38
0.95 0.91 0.56 4.13
0.12 0.67 0.12 2.25
0.22 0.55 0.18 2.92
0.65 0.83 0.42 4.33
0.11 0.34 0.97 0.17
0.99 0.17 0.35 3.75
0.28 0.82 0.41 2.32
0.81 0.49 0.47 2.46
0.02 0.50 0.98 0.68
0.99 0.63 0.96 3.24
0.94 0.83 0.67 5.73
0.47 0.18 0.99 -0.03
0.93 0.95 0.83 4.45
0.70 0.34 0.43 2.51
0.45 0.98 0.03 4.45
0.74 0.66 0.37 2.74
0.88 0.71 0.71 4.29
0.59 0.90 0.96 2.80
0.40 0.22 0.23 1.36
0.05 0.11 0.86 -1.01
0.10 0.05 0.19 0.93
0.46 0.74 0.42 4.60
0.77 0.86 0.05 5.27
0.72 0.58 0.61 1.95
0.90 0.47 0.46 3.67
0.50 0.23 0.42 -0.56
0.30 0.20 0.45 1.53
0.29 0.14 0.91 -0.41
0.51 0.22 0.63 0.76
0.94 0.17 0.04 1.85
0.09 0.47 0.81 1.76
0.01 0.66 0.48 2.33
0.69 0.07 0.93 -0.12
0.38 0.97 0.55 2.17
0.82 0.79 0.51 2.80
0.24 0.58 0.97 0.72
0.03 0.78 0.81 1.37
0.19 0.01 0.21 1.85
0.20 0.72 0.52 1.69
0.23 0.24 0.93 -1.17
0.27 0.03 0.22 0.07
0.54 0.33 0.60 1.20
0.19 0.12 0.53 0.95
0.68 0.06 0.89 0.38
0.71 0.33 0.58 2.97
0.91 0.43 0.22 4.29
0.66 0.68 0.03 4.24
0.36 0.66 0.20 2.03
0.92 0.54 0.56 3.59
0.45 0.25 0.52 1.11
0.55 0.66 0.83 2.14
0.45 0.91 0.60 4.52
0.54 0.19 0.53 1.29
0.43 0.03 0.07 -0.58
0.63 0.20 0.99 2.21
0.68 0.20 0.44 2.07
0.87 0.23 0.99 1.15
0.13 0.33 0.13 1.21
0.68 0.59 0.24 2.93
0.14 0.09 0.78 -0.49
0.66 0.27 0.89 1.69
0.34 0.76 0.09 2.83
0.33 0.06 0.48 1.52
0.95 0.99 0.25 4.73
0.41 0.14 0.26 0.67
0.85 0.05 0.33 1.76
0.12 0.48 0.66 0.46
0.81 0.73 0.96 2.91
0.30 0.40 0.92 -0.09
0.63 0.92 0.36 3.52
0.93 0.75 0.88 3.03
0.96 0.91 0.46 5.45
0.34 0.89 0.92 2.93
0.78 0.63 0.99 2.50
0.81 0.24 0.54 1.25
0.36 0.13 0.17 -1.23
0.15 0.13 0.27 1.78
0.34 0.01 0.56 -0.80
0.70 0.59 0.69 0.94
0.73 0.98 0.91 2.53
0.31 0.69 0.89 2.88
0.35 0.31 0.09 1.58
0.22 0.49 0.91 1.95
0.87 0.29 0.61 2.11
0.38 0.53 0.72 1.48
0.71 0.01 0.48 1.68
0.07 0.05 0.07 -0.28
0.15 0.02 0.33 0.57
0.12 0.89 0.42 3.75
0.88 0.78 1.00 2.43
0.13 0.28 0.43 0.93
0.16 0.92 0.96 4.37
0.73 0.92 0.58 2.77
0.64 0.44 0.28 1.77
0.07 0.44 0.13 0.69
0.88 0.46 0.43 5.39
0.29 0.72 0.37 2.42
0.91 0.11 0.32 1.94
0.28 0.14 0.05 -0.21
0.81 0.57 0.42 4.34
0.40 0.15 0.71 -0.25
0.42 0.02 0.92 -0.42
0.85 0.17 0.31 1.37
0.42 0.39 0.76 3.53
0.56 0.96 0.31 4.02
0.79 0.26 0.30 3.98
0.22 0.78 0.19 2.17
1.00 0.01 0.76 0.51
0.21 0.43 0.44 0.48
0.57 0.59 0.55 2.63
0.73 0.04 0.15 -0.61
0.27 0.06 0.65 -1.19
0.27 0.22 0.54 1.24
0.01 0.86 0.86 2.99
0.71 0.17 0.13 2.39
0.97 0.88 0.00 3.09
0.32 0.74 0.15 4.22
0.00 0.04 0.08 -0.98
0.05 0.26 0.92 3.10
0.64 0.67 0.99 1.67
0.38 1.00 0.08 4.26
0.68 0.93 0.89 2.76
0.50 0.05 0.26 2.04
0.28 0.20 0.73 1.67
0.27 0.68 0.39 2.56
0.80 0.98 0.96 4.48
0.33 0.67 0.38 3.34
0.79 0.24 0.75 2.01
0.55 0.96 0.86 3.57
0.44 0.38 0.36 1.91
0.96 0.50 0.10 2.34
0.61 0.78 0.66 3.02
0.40 0.66 0.14 2.28
0.40 0.34 0.71 0.92
0.30 0.34 0.83 2.85
0.46 0.06 0.95 -1.10
0.11 0.52 0.99 2.45
0.12 0.12 0.22 1.39
0.67 0.67 0.33 3.99
0.11 0.06 0.00 0.10
0.60 0.33 0.97 2.33
0.06 0.78 0.45 4.07
0.37 0.17 0.60 -0.28
0.62 0.88 0.89 3.67
0.26 0.49 0.03 1.96
0.71 0.78 0.27 4.30
0.35 0.46 0.46 1.94
0.53 0.94 0.70 3.30
0.07 0.16 0.33 -0.85
0.02 0.90 0.62 0.60
0.43 0.33 0.36 0.38
0.79 0.33 0.70 2.45
0.35 0.60 0.75 1.53
0.34 0.94 0.98 2.81
0.10 0.95 0.61 2.23
0.30 0.67 0.31 1.88
0.66 0.70 0.67 3.68
0.00 0.79 0.96 1.73
0.62 0.83 0.32 4.99
0.22 0.40 0.28 1.84
0.23 0.34 0.29 1.28
0.32 0.35 0.03 1.35
0.15 0.70 0.14 2.39
0.36 0.83 0.00 3.48
0.82 0.90 0.69 5.59
0.40 0.53 0.91 2.10
0.97 0.50 0.97 0.66
0.74 0.78 0.67 3.68
0.99 0.55 0.14 4.06
0.51 0.96 0.74 4.12
0.31 0.17 0.57 1.00
0.67 0.02 0.06 1.03
0.58 0.23 0.19 2.50
0.34 0.11 0.22 2.19
0.27 0.39 0.62 1.35
0.88 0.89 0.46 3.69
0.34 0.27 0.85 0.27
0.45 0.17 0.70 0.79
0.38 0.91 0.67 2.19
0.83 0.42 0.97 2.77
0.38 0.68 0.26 2.49
0.50 0.29 0.91 3.26
0.91 0.46 0.45 3.47
0.21 0.99 0.01 3.02
0.91 0.27 0.17 1.61
0.78 0.19 0.22 0.93
0.56 0.53 0.90 2.41
0.26 0.45 0.19 0.77
0.50 0.72 0.56 4.89
0.68 0.02 0.54 -0.60
0.39 0.64 0.30 2.84
0.41 0.82 0.18 2.89
0.60 0.83 0.14 1.99
0.56 0.95 0.87 2.19
0.79 1.00 0.37 3.82
0.03 0.41 0.04 2.86
0.03 0.14 0.90 -1.91
0.36 0.25 0.67 0.15
0.41 0.13 0.85 2.07
0.22 0.70 0.35 3.16
0.40 0.99 0.35 2.52
0.09 0.74 0.10 2.29
0.46 0.53 0.65 0.97
0.40 0.38 0.04 2.27
0.89 0.79 0.73 2.62
0.56 0.51 0.33 2.45
0.49 0.54 1.00 1.32
0.61 0.74 0.37 5.42
0.84 0.13 0.69 3.28
0.91 0.61 0.80 4.47
0.89 0.39 0.25 2.52
0.53 0.07 0.60 0.86
0.43 0.56 0.98 1.19
0.09 0.56 0.46 1.20
0.84 0.60 0.85 2.21
0.28 0.43 0.28 1.11
0.61 0.86 0.43 3.38
0.78 0.96 0.72 3.61
0.99 0.66 0.11 3.46
0.43 0.69 0.68 2.79
0.49 0.51 0.25 1.67
0.88 0.36 0.83 2.35
0.52 0.23 0.95 -0.51
0.90 0.73 0.67 3.42
0.96 0.89 0.14 4.02
0.02 0.87 0.89 2.55
0.34 0.33 0.86 1.00
0.51 0.37 0.55 1.63
0.51 0.17 0.20 2.80
0.60 0.58 0.07 3.50
0.10 0.22 0.73 2.20
0.76 0.81 0.50 5.41
0.15 0.23 0.65 1.40
0.62 0.40 0.46 2.36
0.81 0.14 0.37 2.31
0.08 0.19 0.01 0.64
0.78 0.77 0.42 3.32
0.56 0.03 0.51 0.56
0.52 0.21 0.68 2.33
0.02 0.12 0.26 1.20
0.18 0.70 0.84 3.23
0.81 0.28 0.35 2.01
1.00 0.39 0.28 3.17
0.65 0.29 0.18 1.84
0.83 0.35 0.03 3.12
0.53 0.17 0.54 3.89
0.48 0.01 0.40 1.72
0.84 0.53 0.16 0.77
0.29 0.87 0.43 3.42
0.54 0.19 0.93 0.47
0.10 0.40 0.29 1.72
0.13 0.68 0.45 2.35
0.94 0.99 0.60 5.13
0.52 0.96 0.61 4.25
0.58 0.82 0.60 4.83
0.73 0.22 0.32 2.93
0.77 0.22 0.32 0.52
0.09 0.39 0.76 1.81
0.75 0.18 0.87 -0.15
0.96 0.28 0.93 1.97
0.96 0.42 0.62 2.83
0.32 0.04 0.76 -1.71
0.27 0.83 0.20 4.62
0.06 0.41 0.72 -0.66
0.93 0.19 0.92 0.92
0.98 0.85 0.57 4.22
0.65 0.81 0.27 3.78
0.66 0.69 0.43 3.82
0.51 0.34 0.84 0.43
0.03 0.91 0.22 4.08
0.88 0.37 0.97 3.34
0.33 0.60 0.91 4.16
0.98 0.14 0.13 3.79
0.44 0.36 0.85 0.64
0.85 0.20 0.42 1.65
0.13 0.18 0.53 -0.67
0.86 0.81 0.10 4.00
0.03 0.82 0.74 1.14
0.86 0.72 0.67 1.67
0.04 0.24 0.78 0.01
0.48 0.24 0.82 0.63
0.08 0.68 1.00 1.09
0.91 0.28 0.80 2.68
0.05 0.75 0.28 0.24
0.07 0.99 0.20 2.70
0.33 0.74 0.77 2.90
0.43 0.56 0.74 3.50
0.94 0.96 0.99 4.29
0.20 0.52 0.58 0.65
0.81 0.37 0.13 2.98
0.03 0.43 0.36 3.54
0.41 0.54 0.15 2.97
0.43 0.64 0.11 3.03
0.35 0.36 0.73 1.74
0.61 0.89 0.18 4.74
0.34 0.87 0.95 2.05
0.98 0.14 0.17 0.38
0.39 0.85 0.16 2.74
0.74 0.17 0.65 0.62
0.43 0.66 0.35 3.06
0.70 0.23 0.07 2.03
0.94 0.14 0.68 1.49
0.70 0.80 0.62 4.83
0.15 0.64 0.85 1.46
0.52 0.19 0.14 3.33
0.84 0.03 0.83 -0.52
0.60 0.91 0.61 4.12
0.77 0.25 0.29 0.40
0.09 0.37 0.64 1.27
0.32 0.07 0.23 0.76
0.73 0.07 0.23 1.12
0.82 0.42 0.07 3.19
0.98 0.67 0.47 3.33
0.46 0.48 0.24 2.40
0.13 0.26 0.55 0.21
0.98 0.89 0.56 4.58
0.08 0.57 0.84 2.59
0.35 0.03 0.34 1.07
0.63 0.18 0.01 1.64
0.94 0.53 0.81 1.83
0.96 0.89 0.05 5.29
0.46 0.98 0.10 2.83
0.51 0.49 0.52 1.54
0.23 0.77 0.23 2.46
0.07 0.94 0.24 4.37
0.77 0.44 0.82 0.63
0.39 0.72 0.85 1.94
0.57 0.40 0.80 1.63
0.82 0.69 0.04 4.60
0.18 0.67 0.19 3.01
0.38 0.20 0.48 0.54
0.38 0.69 0.98 2.50
0.74 0.60 0.15 2.68
0.61 0.14 0.49 2.39
0.17 0.84 0.67 3.73
0.36 0.19 0.74 1.15
0.10 0.30 0.47 0.66
0.57 0.42 0.48 3.27
0.19 0.28 0.81 0.56
0.48 0.26 0.85 2.93
0.34 0.80 0.25 4.15
0.16 0.50 0.45 1.49
0.76 0.50 0.31 2.09
0.82 0.31 0.44 2.31
0.61 0.78 0.89 1.29
0.57 0.25 0.91 3.00
0.73 0.06 0.33 -0.57
0.87 0.39 0.73 1.79
0.11 0.35 0.78 0.30
0.15 0.65 0.42 2.47
0.68 0.49 0.39 2.25
0.77 0.62 0.36 1.06
0.20 0.91 0.34 2.80
0.31 0.13 0.95 0.33
0.65 0.28 0.82 3.40
0.04 0.05 0.30 -0.44
0.41 0.81 0.15 1.48
0.31 0.02 0.51 -1.26
0.34 0.38 0.75 2.16
0.56 0.58 0.42 3.43
0.90 0.07 0.05 1.88
0.18 0.81 0.09 3.37
0.44 0.06 1.00 0.11
0.53 0.20 0.51 1.00
0.83 0.20 0.81 2.40
0.20 0.13 0.26 -1.23
0.92 0.69 0.83 1.74
0.48 0.46 0.32 2.25
0.76 0.89 0.40 3.70
0.81 0.21 0.91 0.06
0.79 0.93 0.40 3.51
0.28 0.56 0.02 3.37
0.38 0.76 0.92 -0.44
0.81 0.72 0.97 3.81
0.07 0.99 0.50 6.02
0.23 0.79 0.05 3.66
0.99 0.56 0.82 -0.25
0.48 0.17 0.39 1.23
0.35 0.07 0.50 0.46
0.29 0.49 0.23 0.86
0.87 0.82 0.32 2.95
0.48 0.57 0.54 2.25
0.70 0.74 0.46 3.87
0.28 0.12 0.02 1.42
0.93 0.37 0.90 3.17
0.49 0.69 0.18 4.00
1.00 0.28 0.79 2.10
0.90 0.93 0.26 5.15
0.63 0.71 0.93 2.91
0.51 0.74 0.05 2.16
0.52 0.81 0.10 3.84
0.29 0.11 0.98 0.46
0.18 0.85 0.98 2.02
0.14 0.92 0.48 2.65
0.05 0.56 0.93 2.19
0.44 0.09 0.01 1.22
0.80 0.63 0.96 1.96
0.29 0.75 0.23 4.29
0.75 0.01 0.38 2.42
0.74 0.85 0.83 4.25
0.64 0.24 0.47 1.88
0.03 0.92 0.25 1.71
0.27 0.08 0.29 -0.08
0.89 0.13 1.00 1.38
0.24 0.40 0.61 0.19
0.02 0.10 0.59 -0.42
0.18 0.79 0.30 2.39
0.90 0.79 0.90 1.88
0.64 0.47 0.19 2.42
0.53 0.04 0.65 2.02
0.59 0.16 0.85 -0.94
0.36 0.48 0.72 1.35
0.56 0.66 0.38 2.26
0.79 0.19 0.31 3.23
0.20 0.76 0.17 2.43
0.67 0.94 0.88 5.11
0.24 0.31 0.65 0.97
0.97 0.59 0.05 4.12
0.06 0.89 0.85 3.90
0.83 0.52 0.27 3.18
0.98 0.82 0.57 4.96
0.59 0.52 0.57 2.34
0.51 0.17 0.94 0.01
0.81 0.62 0.78 2.88
0.06 1.00 0.80 2.05
0.67 0.16 0.91 0.18
0.65 0.58 0.99 1.54
0.78 0.35 0.51 3.14
0.37 0.30 0.06 2.43
0.38 0.48 0.82 3.19
0.74 0.47 0.31 1.30
0.43 0.37 0.21 2.03
0.85 0.01 0.57 1.73
0.21 0.64 0.63 1.10
0.32 0.64 0.13 2.92
0.65 0.35 0.63 2.30
0.60 1.00 0.26 3.84
0.02 0.84 0.66 3.91
0.31 0.97 0.84 3.67
0.93 0.62 0.30 3.96
0.94 0.24 0.78 3.00
0.59 0.79 0.71 3.23
0.99 0.95 0.89 4.39
0.68 0.13 0.36 1.97
0.24 0.58 0.58 3.18
0.10 0.29 0.90 -0.48
0.75 0.61 0.28 3.09
0.77 0.61 0.66 3.75
0.18 0.73 0.31 3.40
0.47 0.03 0.76 -0.19
0.85 0.57 0.62 2.07
0.08 0.18 0.12 1.69
1.00 0.04 0.86 0.60
0.97 0.91 0.66 3.56
0.66 0.13 0.13 0.84
0.88 0.19 1.00 0.96
0.08 0.05 0.73 -0.70
0.24 0.89 0.88 2.02
0.28 0.44 0.70 1.75
0.94 0.64 0.87 4.77
0.55 0.16 0.96 0.79
0.98 0.92 0.40 3.76
0.16 0.41 0.55 1.54
0.68 0.82 0.14 4.22
0.40 0.01 0.19 -0.55
0.92 0.36 0.57 2.43
0.97 0.12 0.50 1.42
0.36 0.80 0.84 3.40
0.85 0.69 0.02 2.91
0.60 0.55 0.07 4.19
0.38 0.38 0.33 1.98
0.06 0.70 0.91 1.00
0.45 0.02 0.44 -0.50
0.60 0.26 0.10 1.29
0.51 0.43 0.38 2.23
0.47 0.06 0.32 1.17
0.57 0.44 0.60 0.78
0.95 0.25 0.90 1.91
0.01 0.04 0.77 0.41
0.29 0.44 0.16 0.57
0.29 0.50 0.26 3.37
0.72 0.09 0.72 0.74
0.80 0.61 0.05 3.61
0.22 0.68 0.02 1.82
0.70 0.30 0.87 0.92
0.67 0.94 0.27 4.09
0.98 0.29 0.94 1.32
0.40 0.24 0.02 1.58
0.15 0.88 0.26 1.69
0.42 0.21 0.70 1.67
0.86 0.67 1.00 2.25
0.54 0.40 0.14 2.99
0.26 0.68 0.99 0.92
0.36 0.35 0.34 3.88
0.89 0.34 0.30 3.24
0.14 0.09 0.78 -2.78
0.83 0.84 0.46 4.51
0.80 0.93 0.71 3.88
0.10 0.71 0.06 2.96
0.73 0.02 0.28 0.68
0.56 0.40 0.82 1.28
0.77 0.87 0.44 3.87
0.01 0.48 0.05 0.11
0.17 0.88 0.86 2.62
0.70 0.47 0.43 4.18
0.29 0.90 0.20 5.24
0.09 0.91 0.16 3.89
0.61 0.79 0.71 3.16
0.69 0.94 0.96 3.24
0.94 0.59 0.71 1.54
0.26 0.58 0.22 3.18
0.36 0.68 0.24 4.54
0.95 0.37 0.02 0.50
0.11 0.60 0.01 0.24
0.79 0.67 0.56 2.46
0.96 0.66 0.88 4.14
0.84 0.35 0.37 2.08
0.53 0.50 0.68 1.95
0.93 0.63 0.46 3.10
0.98 0.03 0.59 1.56
0.02 0.98 0.83 2.18
0.84 0.65 0.14 4.20
0.41 0.40 0.38 0.72
0.60 0.44 0.07 1.82
0.18 0.32 0.60 -0.81
0.01 0.07 0.53 0.60
0.42 0.55 0.97 2.94
