0.70 0.87 0.70 3.73
0.26 0.90 0.49 3.19
0.20 0.89 0.35 3.16
0.54 0.75 0.78 2.90
0.03 0.75 0.60 2.11
0.87 0.19 0.20 2.19
0.94 0.43 0.48 2.91
0.19 0.93 0.88 2.75
0.24 0.84 0.00 3.42
0.25 0.06 0.35 0.37
0.12 0.77 0.93 1.99
0.73 0.75 0.70 3.40
0.72 0.74 0.61 3.42
0.49 0.82 0.92 2.93
0.89 0.36 0.00 3.04
0.46 0.09 0.28 0.95
0.27 0.72 0.75 2.29
0.02 0.13 0.57 -0.05
0.17 0.94 0.65 2.98
0.75 0.69 0.16 3.76
0.33 0.81 0.77 2.71
0.04 0.94 0.42 2.96
0.71 0.11 0.27 1.53
0.36 0.20 0.56 0.88
0.12 0.85 0.33 2.86
0.44 0.41 0.51 1.82
0.93 0.52 0.20 3.49
0.21 0.30 0.15 1.33
0.28 0.44 0.12 1.96
0.11 0.08 0.84 -0.32
0.12 0.09 0.95 -0.39
0.52 0.19 0.43 1.25
0.39 0.83 0.91 2.79
0.57 0.93 0.67 3.71
0.32 0.11 0.55 0.47
0.43 0.65 0.46 2.70
0.79 0.39 0.11 2.84
0.28 0.96 0.02 3.92
0.57 0.10 0.76 0.72
0.67 0.94 0.10 4.55
0.08 0.75 0.80 1.97
0.25 0.27 0.05 1.40
0.60 0.31 0.89 1.36
0.59 0.43 0.72 1.95
0.53 0.28 0.04 2.00
0.11 0.49 0.62 1.32
0.84 0.85 0.43 4.22
0.48 0.05 0.49 0.63
0.49 0.08 0.75 0.52
0.64 0.40 0.29 2.39
0.68 0.38 0.93 1.76
0.49 0.64 0.08 3.11
0.98 0.13 0.85 1.57
0.28 0.56 0.90 1.63
0.66 0.35 0.79 1.75
0.11 0.51 0.93 1.09
0.14 0.73 0.78 2.06
0.28 0.69 0.72 2.26
0.09 0.57 0.34 1.82
0.48 0.82 0.66 3.18
0.03 0.76 0.76 1.95
0.36 0.50 0.24 2.24
0.46 0.96 0.78 3.51
0.82 0.53 0.39 3.09
0.58 0.12 0.92 0.66
0.46 0.84 0.19 3.67
0.86 0.82 0.64 3.93
0.42 0.82 0.83 2.89
0.58 0.96 0.44 4.09
0.25 0.07 0.36 0.36
0.46 0.28 0.58 1.33
0.27 0.59 0.01 2.59
0.51 0.40 0.36 2.06
0.81 0.67 0.13 3.83
0.17 0.00 0.38 -0.04
0.92 0.26 0.32 2.42
0.55 0.51 0.90 1.98
0.20 0.59 0.24 2.22
0.08 0.49 0.30 1.60
0.81 0.63 0.57 3.26
0.89 0.08 0.35 1.70
0.35 0.95 0.51 3.51
0.03 0.08 0.12 0.20
0.96 0.30 0.40 2.56
0.45 0.42 0.77 1.59
0.52 0.94 0.61 3.75
0.82 0.09 0.91 1.04
0.10 0.66 0.97 1.54
0.69 0.38 0.80 1.91
0.85 0.97 0.56 4.54
0.13 0.50 0.10 1.90
0.70 0.27 0.85 1.50
0.96 0.72 0.56 3.89
0.07 0.49 0.26 1.59
0.41 0.48 0.96 1.56
0.44 0.34 0.50 1.59
0.94 0.83 0.04 4.74
0.19 0.42 0.15 1.70
0.44 0.60 0.99 2.00
0.52 0.01 0.86 0.23
0.58 0.04 0.90 0.40
0.29 0.14 0.79 0.27
0.90 0.54 0.56 3.12
0.51 0.78 0.98 2.78
0.79 0.69 0.97 3.04
0.70 0.26 0.25 2.08
0.76 0.43 0.56 2.45
0.80 0.98 0.45 4.56
0.04 0.47 0.63 1.08
0.11 0.91 0.19 3.22
0.21 0.04 0.67 -0.11
0.95 0.36 0.66 2.50
0.35 0.61 0.83 2.00
0.94 0.74 0.48 3.98
0.98 0.14 0.07 2.37
0.18 0.76 0.59 2.42
0.42 0.41 0.99 1.28
0.35 0.17 0.75 0.56
0.42 0.71 0.31 3.00
0.09 0.34 0.91 0.46
0.16 0.47 0.37 1.59
0.76 0.34 0.44 2.28
0.88 0.72 0.52 3.74
0.75 0.33 0.81 1.83
0.52 0.96 0.79 3.62
0.50 0.48 0.84 1.85
0.40 0.20 0.06 1.42
0.12 0.25 0.89 0.22
0.90 0.21 0.68 1.86
0.05 0.51 0.16 1.71
0.63 0.74 0.15 3.71
0.89 0.70 0.57 3.64
0.52 0.64 0.42 2.86
0.30 0.64 0.50 2.33
0.05 0.72 0.85 1.77
0.37 0.73 0.74 2.55
0.37 0.57 0.83 1.91
0.35 0.59 0.09 2.69
0.72 0.61 0.85 2.74
0.34 0.43 0.95 1.25
0.75 0.63 0.38 3.33
0.40 0.31 0.14 1.74
0.66 0.17 0.52 1.40
0.89 0.26 0.10 2.59
0.64 0.56 0.52 2.73
0.28 0.31 0.90 0.76
0.85 0.02 0.43 1.35
0.01 0.19 0.78 -0.11
0.22 0.53 0.97 1.31
0.94 0.52 0.48 3.22
0.68 0.17 0.35 1.59
0.53 0.63 0.04 3.22
0.62 0.01 0.81 0.46
0.42 0.61 0.68 2.31
0.91 0.14 0.73 1.58
0.27 0.39 0.54 1.37
0.71 0.19 0.79 1.30
0.50 0.39 0.76 1.62
0.56 0.80 0.64 3.29
0.40 0.51 0.98 1.60
0.07 0.44 0.90 0.79
0.24 0.60 0.16 2.42
0.07 0.51 0.85 1.06
0.24 0.69 0.11 2.80
0.20 1.00 0.42 3.46
0.96 0.29 0.52 2.40
0.51 0.41 0.68 1.78
0.76 0.96 0.42 4.45
0.66 1.00 0.45 4.35
0.28 0.64 0.30 2.48
0.61 0.59 0.36 2.92
0.66 0.59 0.63 2.76
0.35 0.14 0.15 1.05
0.50 0.25 0.19 1.68
0.77 0.49 0.10 3.14
0.06 0.72 0.82 1.83
0.88 0.03 0.76 1.12
0.38 0.17 0.07 1.28
0.38 0.09 0.04 1.03
0.91 0.67 0.33 3.83
0.70 0.13 0.92 0.92
0.49 0.76 0.40 3.23
0.51 0.29 0.76 1.26
0.30 0.67 0.43 2.51
0.92 0.01 0.45 1.44
0.97 0.19 0.69 1.92
0.36 0.62 0.92 1.96
0.66 0.29 0.91 1.40
0.13 0.90 0.66 2.74
0.64 0.73 0.32 3.51
0.49 0.04 0.34 0.78
0.78 0.89 0.85 3.84
0.38 0.14 0.25 1.01
0.04 0.06 0.27 0.04
0.15 0.95 0.13 3.48
0.08 0.19 0.41 0.40
0.91 0.37 1.00 2.13
0.64 0.83 0.79 3.38
0.60 0.27 0.89 1.27
0.29 0.68 0.09 2.89
0.95 0.64 0.71 3.43
0.47 0.63 0.37 2.78
0.31 0.59 0.08 2.61
0.87 0.40 0.19 2.96
0.64 0.20 0.51 1.47
0.58 0.66 0.44 3.04
0.40 0.06 0.48 0.53
0.45 0.80 0.56 3.13
0.12 0.21 0.32 0.67
0.73 0.20 0.75 1.44
0.86 0.89 0.49 4.35
0.35 0.04 0.28 0.58
0.55 0.20 0.12 1.67
0.05 0.03 0.26 -0.06
0.32 0.58 0.61 2.06
0.26 0.70 0.46 2.49
0.96 0.46 0.02 3.50
0.18 0.73 0.03 2.89
0.79 0.25 0.43 2.02
0.64 0.90 0.97 3.46
0.59 0.71 0.67 2.99
0.42 0.39 0.02 2.19
0.01 0.95 0.96 2.37
0.35 0.54 0.41 2.19
0.15 0.57 0.01 2.28
0.59 0.76 0.82 3.02
0.66 0.65 0.90 2.69
0.13 0.21 0.11 0.90
0.97 0.05 0.24 1.88
0.93 0.87 0.90 4.01
0.12 0.70 0.63 2.07
0.13 0.39 0.92 0.70
0.27 0.23 0.55 0.78
0.90 0.80 0.26 4.33
0.19 0.24 0.45 0.76
0.67 0.67 0.08 3.61
0.59 0.28 0.15 2.02
0.13 0.16 0.86 -0.06
0.34 0.04 0.11 0.72
0.33 0.74 0.32 2.92
0.95 0.76 0.68 3.91
0.53 0.72 0.28 3.30
0.73 0.65 0.28 3.45
0.86 0.17 0.27 2.02
0.95 0.12 0.33 2.00
0.56 0.94 0.52 3.89
0.48 0.33 0.67 1.47
0.53 0.53 0.85 2.07
0.85 0.34 0.06 2.81
0.86 0.40 0.40 2.71
0.64 0.10 0.07 1.56
0.67 0.82 0.80 3.40
0.72 0.40 0.40 2.45
0.59 0.98 0.49 4.13
0.60 0.79 0.71 3.28
0.66 0.30 0.03 2.36
0.99 0.87 0.39 4.64
0.74 0.07 0.16 1.58
0.01 0.56 0.21 1.75
0.76 0.40 0.11 2.79
0.07 0.30 0.70 0.50
0.76 0.32 0.94 1.69
0.53 0.09 0.47 0.92
0.55 0.97 0.90 3.60
0.78 0.16 0.25 1.86
0.22 0.43 0.55 1.40
0.46 0.52 0.89 1.87
0.39 0.40 0.80 1.38
0.14 0.35 0.31 1.18
0.87 0.43 0.50 2.76
0.81 0.69 0.60 3.42
0.27 0.77 0.76 2.49
0.19 0.75 0.37 2.61
0.44 0.73 0.43 3.01
0.66 0.96 0.99 3.68
0.33 0.60 0.13 2.62
0.90 0.83 0.64 4.06
0.87 0.66 0.30 3.76
0.76 0.53 0.33 3.02
0.61 0.65 0.34 3.14
0.59 0.26 0.05 2.03
0.28 0.92 0.57 3.22
0.86 0.63 0.18 3.75
0.84 0.17 0.06 2.23
0.81 0.54 0.87 2.64
0.15 0.66 0.23 2.38
0.91 0.70 0.30 3.98
0.48 0.39 0.50 1.81
0.56 0.38 0.75 1.68
0.57 0.49 0.01 2.84
0.75 0.11 0.78 1.13
0.85 0.76 0.34 4.01
0.52 0.89 0.64 3.53
0.61 0.49 0.97 1.98
0.86 0.62 0.57 3.32
0.46 0.99 0.34 4.04
0.73 0.33 0.61 1.99
0.62 0.02 0.80 0.52
0.54 0.53 0.49 2.43
0.08 0.95 0.84 2.66
0.71 0.89 0.59 3.96
0.91 0.68 0.64 3.55
0.29 0.89 0.62 3.07
0.30 0.99 0.69 3.38
0.07 0.52 0.43 1.53
0.31 0.73 0.07 3.10
0.49 0.43 0.17 2.33
0.87 0.51 0.37 3.14
0.68 0.90 0.98 3.53
0.52 0.90 0.96 3.24
0.31 0.23 0.48 0.94
0.44 0.90 0.43 3.59
0.54 0.69 0.37 3.12
0.05 0.89 0.26 2.97
0.68 0.99 0.32 4.51
0.84 0.94 0.18 4.79
0.42 0.72 0.35 3.01
0.88 0.26 0.50 2.16
0.56 0.14 0.53 1.10
0.40 0.35 0.77 1.27
0.80 0.61 0.96 2.78
0.51 0.70 0.08 3.39
0.74 0.77 0.26 3.92
0.84 0.71 0.64 3.52
0.54 0.93 0.72 3.60
0.25 0.70 0.02 2.94
0.09 0.35 0.59 0.81
0.89 0.93 0.82 4.22
0.30 0.10 0.77 0.18
0.30 0.64 0.34 2.50
0.63 0.16 0.75 1.08
0.12 0.54 0.19 1.93
0.66 0.12 0.32 1.41
0.02 1.00 0.36 3.16
0.43 0.69 0.81 2.47
0.62 0.79 0.16 3.85
0.05 0.72 0.97 1.64
0.26 0.36 0.36 1.43
0.02 0.26 0.76 0.18
0.35 0.50 0.52 1.93
0.83 0.49 0.45 2.92
0.55 0.28 0.05 2.05
0.48 0.74 0.35 3.20
0.43 0.71 0.42 2.94
0.64 0.10 0.23 1.42
0.05 0.49 0.72 1.09
0.93 0.07 0.09 2.04
0.39 0.96 0.81 3.34
0.46 0.77 0.58 3.04
0.70 0.94 0.66 4.04
0.23 0.35 0.30 1.36
0.85 0.83 0.77 3.84
0.88 0.46 0.03 3.32
0.80 0.28 0.83 1.78
0.02 0.42 0.51 1.02
0.70 0.22 0.87 1.31
0.84 0.17 0.72 1.56
0.54 0.83 0.33 3.67
0.18 0.65 0.16 2.49
0.26 0.72 0.45 2.58
0.90 0.37 0.83 2.28
0.48 0.14 0.70 0.76
0.96 0.95 0.90 4.34
0.46 0.25 0.16 1.62
0.44 0.84 0.80 3.01
0.06 0.33 0.82 0.44
0.68 0.13 0.55 1.28
0.96 0.79 0.00 4.68
0.77 0.54 0.85 2.57
0.62 0.18 0.02 1.84
0.67 0.09 0.24 1.44
0.31 0.87 0.09 3.56
0.61 0.57 0.03 3.17
0.56 0.38 0.90 1.55
0.45 0.12 0.34 0.99
0.16 0.07 0.14 0.44
0.54 0.45 0.44 2.22
0.07 0.37 0.83 0.59
0.68 0.36 0.04 2.57
0.25 0.66 0.71 2.09
0.85 0.08 0.36 1.62
0.56 0.48 0.06 2.74
0.23 0.14 0.76 0.19
0.45 0.67 0.45 2.81
0.09 0.60 0.73 1.57
0.36 0.96 0.14 3.94
0.06 0.78 0.79 2.07
0.42 0.74 0.21 3.22
0.45 0.85 0.16 3.72
0.15 0.65 0.54 2.04
0.74 0.21 0.97 1.23
0.57 0.62 0.74 2.56
0.67 0.71 0.42 3.39
0.53 0.94 0.91 3.45
0.94 0.93 0.62 4.52
0.20 0.66 0.60 2.10
0.59 0.48 0.05 2.83
0.02 0.56 0.20 1.81
0.33 0.24 0.41 1.11
0.66 0.69 0.96 2.80
0.39 0.56 0.56 2.18
0.12 0.00 0.55 -0.31
0.10 0.44 0.44 1.32
0.56 0.22 0.76 1.13
0.12 0.43 0.54 1.20
0.34 0.89 0.45 3.36
0.65 0.96 0.98 3.68
0.63 0.51 0.31 2.76
0.99 0.24 0.15 2.68
0.35 0.89 0.50 3.30
0.99 0.98 0.92 4.49
0.96 0.18 0.38 2.17
0.41 0.10 0.17 0.98
0.33 0.57 0.66 1.99
0.48 0.72 0.45 3.03
0.74 0.50 0.97 2.27
0.71 0.42 1.00 1.87
0.16 0.39 0.68 0.99
0.61 0.88 0.09 4.22
0.82 0.22 0.68 1.73
0.36 0.21 0.26 1.17
0.47 0.98 0.64 3.73
0.54 0.49 0.81 2.01
0.54 0.69 0.63 2.85
0.29 0.92 0.77 3.03
0.44 0.34 0.56 1.51
0.93 0.41 0.74 2.56
0.52 0.92 0.13 4.14
0.19 0.34 0.42 1.16
0.01 0.80 0.49 2.34
0.92 0.95 0.18 4.99
0.17 0.93 0.57 3.02
0.42 0.37 0.74 1.41
0.90 0.40 0.47 2.74
0.95 0.20 0.32 2.29
0.97 0.34 0.98 2.15
0.45 0.48 0.12 2.46
0.07 0.24 0.05 0.93
0.02 0.28 0.40 0.61
0.78 0.48 0.43 2.80
0.94 0.40 0.78 2.49
0.77 0.11 0.66 1.26
0.21 0.98 0.66 3.20
0.93 0.27 0.32 2.49
0.76 0.78 0.63 3.62
0.71 0.84 0.69 3.67
0.56 0.16 0.42 1.25
0.72 0.65 0.28 3.44
0.30 0.09 0.03 0.89
0.22 0.30 0.57 0.92
0.55 0.71 0.19 3.38
0.84 0.70 0.28 3.86
0.55 0.50 0.76 2.09
0.48 0.67 0.19 3.10
0.70 0.53 0.70 2.57
0.68 0.29 0.68 1.69
0.81 0.82 0.06 4.44
0.84 0.25 0.80 1.78
0.88 0.20 0.90 1.56
0.26 0.65 0.59 2.21
0.12 0.79 0.80 2.23
0.58 0.83 0.83 3.24
0.66 0.89 0.57 3.86
0.85 0.77 0.84 3.57
0.25 0.55 0.39 2.02
0.35 0.32 0.34 1.47
0.01 0.15 0.92 -0.37
0.84 0.47 0.67 2.67
0.49 0.49 0.46 2.23
0.76 0.61 0.38 3.28
0.69 0.88 0.19 4.28
0.80 0.99 0.79 4.29
0.37 0.85 0.08 3.65
0.18 0.34 0.24 1.31
0.07 0.59 0.50 1.73
0.42 0.93 0.33 3.76
0.84 0.24 0.41 2.10
0.95 0.82 0.22 4.57
0.94 0.92 0.61 4.49
0.55 0.76 0.73 3.04
0.94 0.48 0.35 3.20
0.52 0.50 0.80 1.98
0.84 0.60 0.48 3.31
0.25 0.17 0.12 0.97
0.77 0.41 0.10 2.88
0.94 0.61 0.29 3.73
0.62 0.51 0.22 2.83
0.51 0.01 0.97 0.08
0.84 0.25 0.93 1.63
0.41 0.55 0.43 2.30
0.58 0.16 0.23 1.52
0.65 0.52 0.45 2.65
0.97 0.63 0.08 4.09
0.82 0.86 0.67 3.98
0.76 0.95 0.53 4.31
0.90 0.36 0.17 2.88
0.96 0.19 0.52 2.06
0.15 0.53 0.21 1.95
0.50 0.10 0.58 0.78
0.71 0.87 0.33 4.13
0.18 0.19 0.14 0.91
0.07 0.91 0.61 2.71
0.08 0.19 0.61 0.21
0.82 0.98 0.81 4.28
0.11 0.04 0.87 -0.50
0.67 0.07 0.60 1.00
0.75 0.88 0.27 4.31
0.43 0.82 0.27 3.45
0.44 0.21 0.13 1.48
0.76 0.33 0.39 2.27
0.17 0.10 0.64 0.05
0.57 0.11 0.36 1.15
0.20 0.43 0.61 1.31
0.78 0.14 0.43 1.61
0.26 0.08 0.51 0.30
0.90 0.24 0.88 1.74
0.94 0.56 0.59 3.25
0.90 0.42 0.20 3.07
0.24 0.84 0.11 3.31
0.62 0.18 0.00 1.89
0.30 0.54 0.36 2.15
0.29 0.26 0.54 0.96
0.94 0.55 0.82 2.97
0.54 0.05 0.24 1.00
0.17 0.29 0.95 0.41
0.47 0.62 0.84 2.29
0.42 0.37 0.71 1.43
0.19 0.83 0.39 2.87
0.61 0.70 0.67 2.99
0.23 0.63 0.81 1.87
0.20 0.11 0.20 0.59
0.86 0.34 0.95 1.97
0.01 0.14 0.66 -0.17
0.49 0.28 0.30 1.66
0.68 0.73 0.54 3.38
0.28 0.39 0.24 1.70
0.29 0.09 0.61 0.29
0.46 0.61 0.41 2.63
0.20 0.29 0.12 1.29
0.01 0.76 0.25 2.45
0.63 0.07 0.08 1.43
0.15 0.98 0.20 3.52
0.82 0.40 0.13 2.91
0.15 0.54 0.75 1.42
0.42 0.39 0.81 1.40
0.04 0.99 0.73 2.80
0.31 0.51 0.28 2.11
0.70 0.31 0.64 1.85
0.04 0.29 0.24 0.85
0.25 0.28 0.51 0.97
0.41 0.41 0.09 2.16
0.28 0.42 0.91 1.12
0.01 0.68 0.52 1.87
0.43 0.68 0.73 2.50
0.74 0.14 0.28 1.68
0.49 0.93 0.46 3.75
0.65 0.84 0.78 3.45
0.82 0.80 0.51 3.91
0.92 0.57 0.11 3.71
0.64 0.83 0.55 3.64
0.36 0.81 0.71 2.85
0.44 0.19 0.64 0.89
0.82 0.67 0.87 3.09
0.72 0.94 0.42 4.32
0.16 0.94 0.38 3.24
0.13 0.01 0.77 -0.46
0.44 0.81 0.61 3.09
0.58 0.60 0.04 3.20
0.34 0.26 0.05 1.55
0.33 0.92 0.06 3.82
0.47 0.04 0.52 0.56
0.02 0.20 0.82 -0.08
0.49 0.83 0.32 3.59
0.36 0.91 0.21 3.69
0.71 0.90 0.98 3.61
0.32 0.02 0.32 0.38
0.26 0.96 0.23 3.65
0.96 0.50 0.29 3.37
0.61 0.32 0.78 1.55
0.55 0.77 0.12 3.69
0.86 0.64 0.44 3.53
0.41 0.26 0.04 1.70
0.49 0.14 0.12 1.34
0.14 0.92 0.04 3.47
0.27 0.39 0.92 0.97
0.45 0.01 0.59 0.36
0.16 0.42 0.62 1.18
0.80 0.54 0.65 2.84
0.21 0.87 0.90 2.60
0.32 0.00 0.96 -0.30
0.76 0.36 0.44 2.33
0.55 0.03 0.82 0.39
0.89 0.46 0.55 2.83
0.51 0.00 0.87 0.16
0.28 0.32 0.74 0.93
0.31 0.48 0.13 2.16
0.60 0.02 0.55 0.73
0.55 0.55 0.12 2.89
0.34 0.21 0.16 1.25
0.27 0.75 0.33 2.81
0.35 0.33 0.16 1.71
0.48 0.03 0.31 0.75
0.30 0.95 0.94 2.97
0.26 0.30 0.57 0.98
0.36 0.20 0.78 0.62
0.08 0.53 0.67 1.34
0.83 0.51 0.75 2.72
0.33 0.52 0.29 2.20
0.98 0.34 0.71 2.46
0.49 0.98 0.99 3.40
0.52 0.11 0.37 1.05
0.78 0.43 0.72 2.33
1.00 0.21 0.60 2.14
0.41 0.31 0.62 1.29
0.16 0.67 0.97 1.69
0.91 0.40 0.44 2.76
0.06 0.48 0.62 1.17
0.59 0.65 0.93 2.51
0.55 0.21 0.40 1.45
0.73 0.41 0.02 2.86
0.95 0.99 0.31 5.05
0.75 0.51 0.65 2.65
0.73 0.77 0.52 3.62
0.70 0.50 0.33 2.83
0.81 0.69 0.17 3.87
0.88 0.35 0.62 2.38
0.66 0.67 0.43 3.25
0.90 0.85 0.47 4.29
0.24 0.15 0.61 0.38
0.58 0.55 0.36 2.75
0.74 0.59 0.29 3.28
0.58 0.13 0.30 1.31
0.25 0.47 0.56 1.57
0.25 0.52 0.19 2.15
0.28 0.36 0.29 1.51
0.50 0.01 0.20 0.85
0.64 0.55 0.68 2.51
0.42 0.45 0.58 1.82
0.47 0.82 0.74 3.07
0.93 0.71 0.77 3.58
0.95 0.63 0.68 3.43
0.44 0.82 0.44 3.30
0.87 0.80 0.80 3.74
0.51 0.99 0.25 4.24
0.20 0.08 0.85 -0.17
0.74 0.85 0.06 4.40
0.64 0.55 0.98 2.24
0.44 0.36 0.38 1.75
0.27 0.49 0.16 2.09
0.43 0.37 0.30 1.83
0.17 0.81 0.24 2.93
0.60 0.46 0.99 1.83
0.86 0.43 0.88 2.34
0.88 0.37 0.91 2.16
0.32 0.51 0.66 1.78
0.26 0.20 0.67 0.53
0.14 0.03 0.19 0.20
0.81 0.65 0.46 3.44
0.46 0.76 0.30 3.29
0.53 0.85 0.98 3.06
0.57 0.56 0.01 3.11
0.73 0.44 0.56 2.43
0.39 0.55 0.13 2.59
0.14 0.39 0.13 1.51
0.88 0.10 0.70 1.40
0.09 0.78 0.43 2.47
0.13 0.06 0.10 0.38
0.81 0.24 0.41 2.06
0.38 0.19 0.25 1.18
0.36 0.68 0.89 2.22
0.69 0.44 0.74 2.19
0.77 0.80 0.38 3.96
0.93 0.89 0.98 4.02
0.76 0.58 0.84 2.71
0.67 0.85 0.96 3.34
0.23 0.43 0.53 1.45
0.15 0.82 0.63 2.53
0.30 0.62 0.14 2.61
0.72 0.07 0.12 1.56
0.15 0.47 0.17 1.76
0.88 0.75 0.31 4.09
0.01 0.61 0.58 1.58
0.32 0.02 0.23 0.48
0.54 0.00 0.68 0.41
0.00 0.90 0.46 2.70
0.90 0.18 0.85 1.58
0.69 0.66 0.06 3.60
0.78 0.11 0.99 0.93
0.56 0.01 0.04 1.11
0.26 0.68 0.96 1.94
0.34 0.01 0.51 0.21
0.96 0.52 0.79 2.95
0.78 0.09 0.48 1.39
0.73 0.42 0.61 2.32
0.78 0.63 0.58 3.18
0.16 0.48 0.77 1.22
0.69 0.42 0.26 2.60
0.65 0.55 0.23 2.99
0.69 0.47 0.52 2.51
0.69 0.25 0.52 1.74
0.04 0.95 0.04 3.35
0.47 0.32 0.78 1.27
0.68 0.52 0.39 2.80
0.93 0.26 0.21 2.58
0.95 0.00 0.62 1.29
0.50 0.30 0.13 1.93
0.30 0.72 0.93 2.20
0.96 0.53 0.86 2.92
0.87 0.91 0.87 4.08
0.73 0.66 0.71 3.05
0.61 0.88 0.18 4.12
0.08 0.41 0.03 1.58
0.80 0.13 0.87 1.21
0.89 0.77 0.97 3.49
0.49 0.50 0.80 1.94
0.62 0.83 0.47 3.69
0.73 0.30 0.29 2.20
0.56 0.06 0.14 1.19
0.67 0.27 0.15 2.15
0.79 0.37 0.53 2.35
0.65 0.84 0.29 3.97
0.33 0.81 0.13 3.35
0.97 0.51 0.97 2.76
0.80 0.14 0.36 1.71
0.52 0.30 0.69 1.40
0.38 0.28 0.31 1.45
0.50 0.02 1.00 0.08
0.81 0.40 0.64 2.37
0.53 0.29 0.18 1.90
0.07 0.15 0.35 0.33
0.30 0.91 0.33 3.46
0.07 0.65 0.82 1.61
0.96 0.03 0.70 1.33
0.71 0.49 0.37 2.76
0.73 0.25 0.09 2.26
0.26 0.01 0.79 -0.23
0.03 0.81 0.23 2.66
0.81 0.59 0.24 3.45
0.77 0.31 0.51 2.10
0.65 0.12 0.47 1.23
0.64 0.05 0.18 1.26
0.41 0.97 0.85 3.38
0.75 0.23 0.35 1.98
0.13 0.93 0.29 3.23
0.45 0.81 0.94 2.81
0.18 0.07 0.47 0.15
0.46 0.62 0.26 2.84
0.33 0.54 0.89 1.64
0.77 0.29 0.12 2.42
0.17 0.97 0.69 3.04
0.34 0.53 0.56 1.98
0.84 0.72 0.53 3.66
0.27 0.03 0.67 -0.00
0.06 0.10 0.19 0.29
0.96 0.25 0.62 2.16
0.77 0.85 0.51 4.02
0.14 0.95 0.01 3.59
0.07 0.92 0.94 2.43
0.28 0.28 0.01 1.51
0.08 0.77 0.39 2.48
0.27 0.13 0.68 0.29
0.37 0.98 0.63 3.56
0.42 0.06 0.00 1.06
0.41 0.51 0.17 2.43
0.31 0.10 0.45 0.52
0.80 0.82 0.01 4.45
0.45 0.75 0.96 2.55
0.13 0.25 0.37 0.77
0.69 0.45 0.19 2.76
0.41 0.77 0.73 2.77
0.25 0.36 0.70 1.06
0.43 0.56 0.48 2.33
0.29 0.24 0.81 0.60
0.52 0.11 0.86 0.57
0.90 0.51 0.27 3.30
0.77 0.35 0.88 1.88
0.67 0.52 0.22 2.94
0.57 0.35 0.80 1.56
0.18 0.50 0.09 2.01
0.59 0.58 0.05 3.15
0.22 0.55 0.60 1.75
0.71 0.83 0.99 3.34
0.36 0.67 0.60 2.47
0.92 0.97 0.02 5.24
0.61 0.30 0.12 2.16
0.09 0.76 0.58 2.26
0.19 0.33 0.84 0.69
0.86 0.44 0.07 3.20
0.70 0.66 0.17 3.54
0.56 0.02 0.67 0.51
0.64 0.68 0.65 3.03
0.54 0.26 0.50 1.47
0.26 0.41 0.45 1.50
0.17 0.22 0.69 0.43
0.88 0.81 0.09 4.49
0.15 0.19 0.30 0.69
0.15 0.32 0.72 0.72
0.39 0.43 0.45 1.84
0.88 0.76 0.00 4.42
0.44 0.04 0.08 0.95
0.68 0.99 0.77 4.06
0.36 0.08 0.90 0.09
0.32 0.97 0.77 3.28
0.82 0.13 0.23 1.86
0.78 0.80 0.16 4.22
0.10 0.41 0.35 1.28
0.42 0.35 0.21 1.86
0.10 0.63 0.23 2.17
0.50 0.73 0.26 3.31
0.05 0.56 0.35 1.71
0.04 0.41 0.08 1.44
0.91 0.59 0.24 3.64
0.07 0.99 0.88 2.70
0.73 0.81 0.50 3.82
0.66 0.64 0.12 3.44
0.30 0.82 0.90 2.58
0.42 0.15 0.00 1.35
0.58 0.87 0.96 3.27
0.47 0.36 0.22 1.99
0.56 0.57 0.04 3.09
0.41 0.76 0.57 2.90
0.89 0.80 0.37 4.21
0.96 0.75 0.45 4.09
0.63 0.54 0.86 2.27
0.89 0.60 0.86 3.02
0.22 0.63 0.24 2.41
0.10 0.24 0.70 0.32
1.00 0.84 0.79 4.15
0.92 0.46 0.45 2.98
0.93 0.73 0.34 4.08
0.87 0.38 0.78 2.31
0.53 0.57 0.70 2.34
0.76 0.83 0.64 3.78
0.62 0.41 0.33 2.35
0.85 0.67 0.94 3.12
0.74 0.27 0.04 2.40
0.62 0.80 0.16 3.86
0.81 0.93 0.85 4.02
0.24 0.17 0.12 0.94
0.18 0.15 0.73 0.17
0.15 0.40 0.40 1.29
0.10 0.85 0.55 2.64
0.52 0.45 0.53 2.06
0.84 0.27 0.47 2.15
0.94 0.49 0.13 3.47
0.11 0.74 0.11 2.72
0.54 0.01 0.86 0.26
0.49 0.24 0.61 1.20
0.39 0.32 0.61 1.29
0.17 0.55 0.41 1.84
0.91 0.71 0.40 3.91
0.72 0.25 0.53 1.77
0.05 0.98 0.21 3.30
0.89 0.13 0.17 2.08
0.30 0.56 0.02 2.56
0.93 0.59 0.55 3.39
0.15 0.70 0.89 1.86
0.72 0.26 0.73 1.62
0.20 0.17 0.58 0.40
0.81 0.49 0.54 2.78
0.42 0.85 0.11 3.72
0.87 0.86 0.44 4.33
0.77 0.88 0.74 3.86
0.02 0.59 0.15 1.95
0.35 0.05 0.44 0.44
0.36 0.96 0.59 3.48
0.44 0.98 0.35 3.95
0.12 1.00 0.56 3.18
0.85 0.05 0.25 1.62
0.85 0.58 0.88 2.84
0.82 1.00 0.47 4.67
0.58 0.04 0.81 0.48
0.82 0.25 0.93 1.60
0.66 0.23 0.14 1.98
0.41 0.96 0.02 4.16
0.67 0.01 0.83 0.56
0.90 0.06 0.86 1.17
0.51 0.91 0.31 3.91
0.44 0.97 0.20 4.07
0.93 0.20 0.56 2.00
0.25 0.42 0.71 1.24
0.02 0.65 0.81 1.52
0.39 0.72 0.13 3.17
0.69 0.65 0.98 2.68
0.87 0.64 0.67 3.31
0.81 0.57 0.26 3.36
0.16 0.24 0.19 0.97
0.94 0.75 0.15 4.35
0.57 0.56 0.33 2.76
0.73 0.27 0.23 2.17
0.75 0.45 0.78 2.32
0.23 0.25 0.55 0.79
0.04 0.02 0.65 -0.51
0.85 0.34 0.88 2.03
0.40 0.10 0.05 1.11
0.86 0.10 0.11 1.96
0.48 0.01 0.75 0.25
0.87 0.49 0.96 2.50
0.41 0.58 0.16 2.68
0.97 0.76 0.24 4.35
0.77 0.33 0.20 2.48
0.08 0.93 0.33 3.07
0.01 0.24 0.65 0.19
0.66 0.81 0.29 3.87
0.84 0.93 0.53 4.40
0.61 0.73 0.90 2.87
0.10 0.44 0.06 1.68
0.99 0.99 0.93 4.51
0.99 0.89 0.77 4.30
0.86 0.87 0.29 4.50
0.74 0.62 0.93 2.71
0.12 0.90 0.11 3.28
0.74 0.71 0.55 3.43
0.36 0.29 0.30 1.43
0.90 0.53 0.26 3.40
0.93 0.52 0.90 2.77
0.82 0.49 0.29 3.08
0.74 0.50 0.25 2.98
0.64 0.39 0.43 2.21
0.57 0.41 0.33 2.25
0.22 0.90 0.81 2.77
0.99 0.63 0.25 3.93
0.08 0.06 0.60 -0.24
0.88 0.52 0.69 2.91
0.75 0.66 0.72 3.08
0.40 0.32 0.56 1.38
0.20 0.21 0.71 0.43
0.51 0.08 0.83 0.49
0.79 0.92 0.22 4.58
0.35 0.06 0.21 0.71
0.27 0.29 0.44 1.10
0.76 0.71 0.42 3.59
0.96 0.09 0.43 1.81
0.20 0.73 0.60 2.34
0.12 0.40 0.35 1.27
0.93 0.43 0.50 2.85
0.37 0.66 0.25 2.79
0.74 0.51 0.15 3.11
0.71 0.25 0.53 1.76
0.34 0.90 0.16 3.68
0.85 0.35 0.35 2.57
0.41 0.68 0.25 2.95
0.79 0.21 0.48 1.82
0.78 1.00 0.40 4.65
0.71 0.17 0.70 1.32
0.83 0.63 0.50 3.38
0.11 0.12 0.44 0.19
0.32 0.89 0.12 3.64
0.99 0.84 0.72 4.20
0.88 0.68 0.71 3.41
0.14 0.90 0.46 2.96
0.04 0.90 0.13 3.12
0.14 0.31 0.31 1.07
0.85 0.36 0.51 2.46
0.55 0.55 0.21 2.80
0.29 0.45 0.25 1.91
0.31 0.83 0.07 3.47
0.87 0.31 0.76 2.07
0.44 0.49 0.07 2.55
0.18 0.20 0.67 0.40
0.08 0.06 0.93 -0.54
0.61 0.62 0.50 2.91
0.89 0.62 0.40 3.56
0.54 0.47 0.94 1.77
0.90 0.21 0.86 1.65
0.11 0.63 0.47 1.96
0.03 0.08 0.55 -0.20
0.91 0.19 0.20 2.28
0.15 0.61 0.59 1.85
0.62 0.13 0.53 1.17
0.33 0.85 0.58 3.06
0.07 0.15 0.93 -0.26
0.07 0.74 0.13 2.59
0.28 0.56 0.99 1.55
0.88 0.11 0.42 1.73
0.58 0.93 0.43 3.98
0.28 0.24 0.93 0.49
0.68 0.78 0.20 3.91
0.52 0.08 0.73 0.58
0.14 0.70 0.02 2.71
0.17 0.56 0.95 1.37
0.38 0.37 0.97 1.09
0.60 0.35 0.64 1.78
0.78 0.31 0.76 1.88
0.69 0.26 0.23 2.08
0.44 0.75 0.80 2.70
0.95 0.30 0.52 2.44
0.96 0.97 0.95 4.36
0.11 0.11 0.94 -0.35
0.24 0.53 0.33 1.99
0.26 0.66 0.65 2.17
0.14 0.03 0.27 0.12
0.92 0.46 0.24 3.22
0.45 0.72 0.34 3.08
0.08 0.01 0.56 -0.35
0.92 0.84 0.78 4.01
0.83 0.99 0.41 4.72
0.06 0.29 0.40 0.72
0.41 0.29 0.29 1.57
0.77 0.25 0.67 1.73
